MeshCount: 7
VertexCount: 8
IndexCount: 12
MaterialIndex: 0
1.692615 -0.000000 -0.021714 -0.000000 -1.000000 0.000000 0.000000 0.000000 1.000000 0.000000 1.000000
1.692616 -0.000000 0.021714 -0.000000 -1.000000 0.000000 0.000021 0.000000 1.000000 1.000000 1.000000
-7.334265 0.000000 0.021714 -0.000000 -1.000000 0.000000 0.000000 0.000000 1.000000 1.000000 0.000000
-7.334266 0.000000 -0.021714 -0.000000 -1.000000 0.000000 0.000000 0.000000 1.000000 0.000000 0.000000
1.692615 0.021714 -0.000000 -0.000000 -0.000000 -1.000000 0.000000 -1.000000 0.000000 0.000000 1.000000
1.692616 -0.021714 -0.000000 -0.000000 -0.000000 -1.000000 0.000021 -1.000000 0.000000 1.000000 1.000000
-7.334265 -0.021714 0.000000 -0.000000 -0.000000 -1.000000 0.000000 -1.000000 0.000000 1.000000 0.000000
-7.334266 0.021715 0.000000 -0.000000 -0.000000 -1.000000 0.000000 -1.000000 0.000000 0.000000 0.000000
0 1 2
0 2 3
4 5 6
4 6 7
VertexCount: 67
IndexCount: 168
MaterialIndex: 1
0.003570 -0.039346 0.515276 -0.617359 -0.761895 0.195776 0.757714 -0.642835 -0.112393 0.270403 0.705892
-0.272322 -0.039214 -0.352672 -0.679617 -0.592090 -0.433058 0.722422 -0.437683 -0.535294 0.270403 0.874792
-0.018092 -0.039650 -0.397741 0.204413 -0.698996 -0.685263 0.923681 0.369507 -0.101384 0.351331 0.874792
0.258766 -0.040223 0.469021 0.458449 -0.876492 -0.146855 0.866934 0.477427 -0.143137 0.351331 0.705892
0.000112 0.000899 0.515370 -0.953063 0.005005 0.302683 -0.000993 -0.999910 0.013404 0.254100 0.705892
-0.275231 0.000716 -0.352193 -0.867641 0.003174 -0.497147 0.003690 -0.999911 -0.012823 0.254100 0.874792
-0.272322 -0.039214 -0.352672 -0.679617 -0.592090 -0.433058 0.528988 -0.804578 0.269862 0.270403 0.874792
0.010261 -0.000716 -0.402804 0.639637 -0.004334 -0.768639 0.332549 0.903125 0.271619 0.372296 0.874792
0.287680 -0.000543 0.463933 0.952391 -0.005036 -0.304819 0.014861 0.999442 0.029914 0.372162 0.705892
0.023809 -0.051757 -0.484192 -0.174973 0.000000 -0.984573 -0.984573 0.000000 0.174973 0.792290 0.954822
-0.018229 -0.074107 -0.476721 -0.174973 0.000000 -0.984573 -0.984573 -0.000002 0.174973 0.802108 0.960561
-0.018229 -0.000000 -0.476721 -0.174973 0.000000 -0.984573 -0.984573 0.000000 0.174973 0.800378 0.941532
0.059148 -0.000000 -0.490472 -0.174973 0.000000 -0.984573 -0.984573 0.000000 0.174973 0.783073 0.941532
0.072743 -0.000000 -0.413971 0.893429 0.000000 0.449141 -0.449116 0.000000 0.893474 0.994573 0.668341
0.037405 -0.051757 -0.407690 0.606220 -0.565020 0.559648 -0.296327 0.492519 0.818300 0.994573 0.650558
0.023809 -0.051757 -0.484192 0.376263 -0.565020 -0.734245 0.560103 -0.492525 0.666110 0.972635 0.650558
0.059148 -0.000000 -0.490472 0.683981 0.000000 -0.729484 0.729481 0.000000 0.684002 0.972635 0.668341
-0.312134 -0.046909 -0.345572 -0.595935 -0.297098 0.746025 0.709127 0.241174 0.662551 0.994573 0.555040
-0.312134 -0.000000 -0.345572 -0.572466 0.000000 0.819910 0.819906 0.000000 0.572499 0.994573 0.541747
-0.325730 -0.000000 -0.422074 -0.819910 0.000000 -0.572466 -0.572450 0.000000 0.819939 0.972635 0.541747
-0.325730 -0.046909 -0.422074 -0.816492 -0.297098 -0.495010 -0.437422 -0.241170 0.866313 0.972635 0.555040
-0.018229 0.074107 -0.476721 -0.174973 -0.000000 -0.984573 -0.984573 -0.000000 0.174973 0.802108 0.922502
0.023809 0.051757 -0.484192 -0.174973 -0.000000 -0.984573 -0.984573 -0.000003 0.174973 0.792290 0.928241
-0.004634 -0.074107 -0.400219 0.292184 -0.731986 0.615467 -0.022593 0.638078 0.769640 0.994573 0.636460
-0.285355 -0.074107 -0.350331 -0.182226 -0.717277 0.672506 0.373294 0.582265 0.722232 0.994573 0.569167
-0.298951 -0.074107 -0.426833 -0.402783 -0.717277 -0.568529 -0.101601 -0.582245 0.806640 0.972635 0.569167
-0.018229 -0.074107 -0.476721 0.062227 -0.731986 -0.678457 0.286353 -0.638095 0.714729 0.972635 0.636460
0.010261 -0.000716 -0.402804 0.639637 -0.004334 -0.768639 -0.768648 0.007550 -0.639627 0.395759 0.886480
-0.275231 0.000716 -0.352193 -0.867641 0.003174 -0.497147 -0.497178 0.003899 0.867640 0.475234 0.886480
-0.271947 0.040614 -0.352813 -0.674001 0.596942 -0.435133 -0.726525 -0.428976 0.536788 0.475234 0.874792
-0.017724 0.038502 -0.397879 0.210974 0.694632 -0.687674 -0.968265 0.244959 -0.049580 0.395759 0.874792
0.010261 -0.000716 -0.402804 0.639637 -0.004334 -0.768639 -0.324940 0.904723 -0.275480 0.372296 0.874792
-0.017724 0.038502 -0.397879 0.210974 0.694632 -0.687674 -0.829349 0.499588 0.250185 0.395759 0.874792
0.259140 0.039425 0.468880 0.466689 0.871609 -0.149846 -0.858403 0.487219 0.160504 0.395759 0.705892
0.000112 0.000899 0.515370 -0.953063 0.005005 0.302683 -0.000993 -0.999910 0.013404 0.497644 0.705892
0.003948 0.041110 0.515133 -0.610187 0.768334 0.193182 -0.753974 -0.638064 0.156198 0.475234 0.705892
-0.271947 0.040614 -0.352813 -0.674001 0.596942 -0.435133 -0.537549 -0.800399 -0.265335 0.475234 0.874792
-0.275231 0.000716 -0.352193 -0.867641 0.003174 -0.497147 0.003690 -0.999911 -0.012823 0.497537 0.874792
-0.298951 0.074107 -0.426833 -0.402783 0.717277 -0.568529 -0.101584 0.582253 0.806637 0.972635 0.514327
-0.285355 0.074107 -0.350331 -0.182226 0.717277 0.672506 0.373297 -0.582264 0.722231 0.994573 0.514327
-0.004634 0.074107 -0.400219 0.292184 0.731986 0.615467 -0.022568 -0.638085 0.769635 0.994573 0.447035
-0.018229 0.074107 -0.476721 0.062227 0.731986 -0.678457 0.286378 0.638088 0.714724 0.972636 0.447034
-0.312134 0.046909 -0.345572 -0.595935 0.297098 0.746025 0.709128 -0.241173 0.662551 0.994573 0.528453
-0.325730 0.046909 -0.422074 -0.816492 0.297098 -0.495010 -0.437422 0.241170 0.866313 0.972635 0.528453
0.072743 -0.000000 -0.413971 0.893429 0.000000 0.449141 -0.449116 -0.000006 0.893474 0.994573 0.415153
0.059148 -0.000000 -0.490472 0.683981 0.000000 -0.729484 0.729481 0.000000 0.684002 0.972636 0.415153
0.023809 0.051757 -0.484192 0.376263 0.565020 -0.734245 0.560111 0.492518 0.666109 0.972636 0.432936
0.037405 0.051757 -0.407690 0.606220 0.565020 0.559648 -0.296314 -0.492530 0.818298 0.994573 0.432936
-0.285355 0.074107 -0.350331 0.174974 -0.000001 0.984573 -0.000001 -1.000000 -0.000001 0.925966 0.660825
-0.312134 0.046909 -0.345572 0.174974 -0.000001 0.984573 -0.000000 -1.000000 -0.000001 0.932865 0.666593
-0.312134 -0.000000 -0.345572 0.174974 -0.000001 0.984573 -0.031799 -0.999478 0.005651 0.944765 0.666593
0.072743 -0.000000 -0.413971 0.174974 -0.000001 0.984573 -0.051323 -0.998640 0.009121 0.944765 0.581562
0.037405 0.051757 -0.407690 0.174974 -0.000001 0.984573 -0.132817 -0.990860 0.023603 0.931635 0.590667
-0.004634 0.074107 -0.400219 0.174974 -0.000001 0.984573 -0.132817 -0.990860 0.023603 0.925966 0.600366
-0.275231 0.000716 -0.352193 -0.867641 0.003174 -0.497147 0.497161 -0.007029 -0.867630 0.270403 0.886431
0.010261 -0.000716 -0.402804 0.639637 -0.004334 -0.768639 0.768696 0.002514 0.639610 0.351331 0.886601
-0.018092 -0.039650 -0.397741 0.204413 -0.698996 -0.685263 0.970526 0.236014 0.048745 0.351331 0.874792
-0.312134 -0.046909 -0.345572 0.174973 0.000001 0.984573 0.000000 -1.000000 0.000001 0.956664 0.666593
-0.285355 -0.074107 -0.350331 0.174973 0.000001 0.984573 0.000000 -1.000000 0.000001 0.963564 0.660825
-0.004634 -0.074107 -0.400219 0.174973 0.000001 0.984573 0.089853 -0.995827 -0.015967 0.963564 0.600366
0.037405 -0.051757 -0.407690 0.174973 0.000001 0.984573 0.112732 -0.993423 -0.020033 0.957894 0.590666
-0.298951 0.074107 -0.426833 -0.174974 -0.000000 -0.984573 -0.984573 0.000000 0.174973 0.863307 0.922502
-0.298951 -0.000000 -0.426833 -0.174974 -0.000000 -0.984573 -0.984573 0.000000 0.174973 0.863157 0.941532
-0.298951 -0.074107 -0.426833 -0.174974 0.000000 -0.984573 -0.984573 -0.000002 0.174973 0.863307 0.960561
-0.325730 0.046909 -0.422074 -0.174971 0.000000 -0.984573 -0.984574 0.000000 0.174971 0.869146 0.929486
-0.325730 -0.000000 -0.422074 -0.174971 0.000000 -0.984573 -0.984573 0.000000 0.174972 0.869145 0.941532
-0.325730 -0.046909 -0.422074 -0.174972 0.000000 -0.984573 -0.984573 -0.000002 0.174972 0.869146 0.953577
0 1 2
0 2 3
4 5 6
4 6 0
7 8 3
7 3 2
9 10 11
9 11 12
13 14 15
13 15 16
17 18 19
17 19 20
21 22 12
21 12 11
23 24 25
23 25 26
27 28 29
27 29 30
31 32 33
31 33 8
34 35 36
34 36 37
35 33 32
35 32 29
38 39 40
38 40 41
42 43 19
42 19 18
44 45 46
44 46 47
53 48 49
53 4